Date: 2020-07-29		Time: 2020-07-29T02:31:18.617406		Assessment: Assessment 1		Mark: 90
Date: 2020-07-29		Time: 2020-07-29T02:31:18.622435		Assessment: Assessment 2		Mark: 150
Date: 2020-07-29		Time: 2020-07-29T02:38:43.219055		Assessment: Assessment 1		Mark: 90
Date: 2020-07-29		Time: 2020-07-29T02:38:43.235039		Assessment: Assessment 2		Mark: 150
